version https://git-lfs.github.com/spec/v1
oid sha256:2c1bfea675c191dff8cfa08dc66a8b0c427135a81b53f5a518e19a4ebe45bd34
size 1824
