version https://git-lfs.github.com/spec/v1
oid sha256:252201ca6c9f02502aebbb5ab0cd38dd26b673277ac65aaeeba68d06fa86e72a
size 1683
