version https://git-lfs.github.com/spec/v1
oid sha256:6f164dd8aea9c1df8308dfa47b432b7800f2e09d92372c75f49952550fb97f51
size 1514
