version https://git-lfs.github.com/spec/v1
oid sha256:ed531215dd133cbace9f6797a42efb9e5245e1b2dc7bdcc32d8ac1bd96ff5d9e
size 1464
