version https://git-lfs.github.com/spec/v1
oid sha256:817215dd387c12ec5725f21bb7c9e12823c498c52f1ebdaf95a8601def1e934a
size 1753
