version https://git-lfs.github.com/spec/v1
oid sha256:6db6825bbf9af34cbaca3b7d5c2aaedd9e10f68a62ff17f7b206d13b92449acc
size 1601
