version https://git-lfs.github.com/spec/v1
oid sha256:e98b12f98de9fdf816205366ffdc7d6ce3200d38179673713cae22c22a544750
size 1450
