version https://git-lfs.github.com/spec/v1
oid sha256:034edb4252e8425420e7b019d087eb1d7652d95dabde57544d15da1026b1beb0
size 1561
