version https://git-lfs.github.com/spec/v1
oid sha256:de9463c6ed675d54e855b471ee9c3b68aa14e9511b09f59023d3fe7d20b88e96
size 1569
