version https://git-lfs.github.com/spec/v1
oid sha256:ccf3c38fc1d8289d53aafad1ed445f3419fc58670167c11ee8f69029aec14226
size 1352
