version https://git-lfs.github.com/spec/v1
oid sha256:d57de2aad6db91a43474e2ac3b58dc1c1bdd828f3879e1a70188b5e5831ee09e
size 1595
