version https://git-lfs.github.com/spec/v1
oid sha256:55dd798a062f96d82468e962cfe71632c2904a11ae5ea813819335f868df7c0e
size 1454
