version https://git-lfs.github.com/spec/v1
oid sha256:77745c7cb75ea7ef6f1366adfb1c2b68fe95d1d1423ef493d3dc93fce4c52146
size 1603
