version https://git-lfs.github.com/spec/v1
oid sha256:9f8a8cc1485e0de1c22a378657fdf4fd0f3de023e0ff8ad884e910bf27300211
size 1541
