version https://git-lfs.github.com/spec/v1
oid sha256:ebc319fea92e8d299468f329c727fc0a5d97540839b92f65ee1ec93473e41767
size 1683
