version https://git-lfs.github.com/spec/v1
oid sha256:2dccaae80dc6b018cbc9578acfb9d801b111ae58793350d3d3add03a0275889e
size 25040
