version https://git-lfs.github.com/spec/v1
oid sha256:99e9ae6db8354f8e25d270c107555476928f258b07be17afcf0b586bc9e32d74
size 1578
