version https://git-lfs.github.com/spec/v1
oid sha256:aee6934fe5a416955a97e2fcb9473abe12a8e17d72348f17f8014fe0f3b4d255
size 1529
