version https://git-lfs.github.com/spec/v1
oid sha256:782555ab59081046c16edd7b8796211b01298e6f25de4a38413df17f2a6edfa6
size 1775
