version https://git-lfs.github.com/spec/v1
oid sha256:980390ab614121b258da52799c21e1ee712c4362a5919b7049b8d3b8bfbfb7b2
size 1553
