version https://git-lfs.github.com/spec/v1
oid sha256:f8b84c39967a22b845813352ff2052baf1e66d1f57cc4bab286db55cb302398d
size 1493
