version https://git-lfs.github.com/spec/v1
oid sha256:3bcf7dde783a8ff7e9bb7b8ffe3014c07d11f2ba112eb25115778e0a3f3d9bfd
size 1604
