version https://git-lfs.github.com/spec/v1
oid sha256:68e71f417fb82b37360f32eb94ab000b56c329273aa0bb85fd76e25f1d1ba41c
size 1492
