version https://git-lfs.github.com/spec/v1
oid sha256:3fc1f46e097940006115fda21d6f8320ea6cd825f2b26634cc832653a3069ab4
size 1459
