version https://git-lfs.github.com/spec/v1
oid sha256:db105008dfe389cd2fe6979eb700625571750a7f406c7aadc5f0278f6b04ab12
size 1841
