version https://git-lfs.github.com/spec/v1
oid sha256:bd05626ca0654c246347be8330aa99dd1cc1c65ed382e5a75f06e9ebd323584c
size 1860
