version https://git-lfs.github.com/spec/v1
oid sha256:95e0614c0fec327bcbe764ab6b4207be63b1ad62dcb22bb745d99020277bc68b
size 1632
