version https://git-lfs.github.com/spec/v1
oid sha256:6fde0bc5253716052d788d05375f18a032514b882689189ab59bd27039dcd5ba
size 1644
